2015.03.26	1,421,000
2015.03.27	1,421,000
2015.03.30	1,428,000
2015.03.31	1,441,000
2015.04.01	1,423,000
2015.04.02	1,434,000
2015.04.03	1,434,000
2015.04.06	1,470,000
2015.04.07	1,462,000
2015.04.08	1,479,000
2015.04.09	1,483,000
2015.04.10	1,490,000
2015.04.13	1,479,000
2015.04.14	1,474,000
2015.04.15	1,446,000
2015.04.16	1,477,000
2015.04.17	1,450,000
2015.04.20	1,430,000
2015.04.21	1,444,000
2015.04.22	1,461,000
2015.04.23	1,451,000
2015.04.24	1,410,000
2015.04.27	1,395,000
2015.04.28	1,366,000
2015.04.29	1,385,000
2015.04.30	1,410,000
2015.05.04	1,400,000
2015.05.06	1,362,000
2015.05.07	1,370,000
2015.05.08	1,338,000
2015.05.11	1,336,000
2015.05.12	1,331,000
2015.05.13	1,333,000
2015.05.14	1,340,000
2015.05.15	1,326,000
2015.05.18	1,320,000
2015.05.19	1,338,000
2015.05.20	1,366,000
2015.05.21	1,352,000
2015.05.22	1,350,000
2015.05.26	1,362,000
2015.05.27	1,314,000
2015.05.28	1,309,000
2015.05.29	1,307,000
2015.06.01	1,291,000
2015.06.02	1,303,000
2015.06.03	1,273,000
2015.06.04	1,337,000
2015.06.05	1,341,000
2015.06.08	1,314,000
2015.06.09	1,282,000
2015.06.10	1,262,000
2015.06.11	1,257,000
2015.06.12	1,277,000
2015.06.15	1,270,000
2015.06.16	1,255,000
2015.06.17	1,254,000
2015.06.18	1,265,000
2015.06.19	1,266,000
2015.06.22	1,281,000
2015.06.23	1,321,000
2015.06.24	1,302,000
2015.06.25	1,269,000
2015.06.26	1,278,000
2015.06.29	1,281,000
2015.06.30	1,268,000
2015.07.01	1,295,000
2015.07.02	1,299,000
2015.07.03	1,268,000
2015.07.06	1,230,000
2015.07.07	1,240,000
2015.07.08	1,239,000
2015.07.09	1,265,000
2015.07.10	1,259,000
2015.07.13	1,266,000
2015.07.14	1,225,000
2015.07.15	1,235,000
2015.07.16	1,282,000
2015.07.17	1,305,000
2015.07.20	1,275,000
2015.07.21	1,263,000
2015.07.22	1,253,000
2015.07.23	1,234,000
2015.07.24	1,229,000
2015.07.27	1,230,000
2015.07.28	1,230,000
2015.07.29	1,263,000
2015.07.30	1,215,000
2015.07.31	1,185,000
2015.08.03	1,175,000
2015.08.04	1,182,000
2015.08.05	1,159,000
2015.08.06	1,115,000
2015.08.07	1,136,000
2015.08.10	1,141,000
2015.08.11	1,157,000
2015.08.12	1,154,000
2015.08.13	1,140,000
2015.08.17	1,104,000
2015.08.18	1,131,000
2015.08.19	1,154,000
2015.08.20	1,139,000
2015.08.21	1,101,000
2015.08.24	1,079,000
2015.08.25	1,079,000
2015.08.26	1,067,000
2015.08.27	1,067,000
2015.08.28	1,081,000
2015.08.31	1,089,000
2015.09.01	1,085,000
2015.09.02	1,090,000
2015.09.03	1,122,000
2015.09.04	1,129,000
2015.09.07	1,112,000
2015.09.08	1,131,000
2015.09.09	1,147,000
2015.09.10	1,134,000
2015.09.11	1,115,000
2015.09.14	1,124,000
2015.09.15	1,123,000
2015.09.16	1,152,000
2015.09.17	1,157,000
2015.09.18	1,190,000
2015.09.21	1,150,000
2015.09.22	1,145,000
2015.09.23	1,131,000
2015.09.24	1,126,000
2015.09.25	1,112,000
2015.09.30	1,134,000
2015.10.01	1,134,000
2015.10.02	1,119,000
2015.10.05	1,115,000
2015.10.06	1,151,000
2015.10.07	1,251,000
2015.10.08	1,270,000
2015.10.12	1,260,000
2015.10.13	1,252,000
2015.10.14	1,254,000
2015.10.15	1,269,000
2015.10.16	1,265,000
2015.10.19	1,256,000
2015.10.20	1,266,000
2015.10.21	1,270,000
2015.10.22	1,280,000
2015.10.23	1,289,000
2015.10.26	1,292,000
2015.10.27	1,298,000
2015.10.28	1,308,000
2015.10.29	1,325,000
2015.10.30	1,372,000
2015.11.02	1,383,000
2015.11.03	1,352,000
2015.11.04	1,330,000
2015.11.05	1,342,000
2015.11.06	1,338,000
2015.11.09	1,344,000
2015.11.10	1,321,000
2015.11.11	1,333,000
2015.11.12	1,317,000
2015.11.13	1,300,000
2015.11.16	1,263,000
2015.11.17	1,270,000
2015.11.18	1,281,000
2015.11.19	1,289,000
2015.11.20	1,285,000
2015.11.23	1,282,000
2015.11.24	1,299,000
2015.11.25	1,299,000
2015.11.26	1,335,000
2015.11.27	1,327,000
2015.11.30	1,284,000
2015.12.01	1,321,000
2015.12.02	1,300,000
2015.12.03	1,290,000
2015.12.04	1,269,000
2015.12.07	1,262,000
2015.12.08	1,262,000
2015.12.09	1,263,000
2015.12.10	1,283,000
2015.12.11	1,284,000
2015.12.14	1,261,000
2015.12.15	1,277,000
2015.12.16	1,299,000
2015.12.17	1,290,000
2015.12.18	1,278,000
2015.12.21	1,280,000
2015.12.22	1,292,000
2015.12.23	1,295,000
2015.12.24	1,285,000
2015.12.28	1,266,000
2015.12.29	1,254,000
2015.12.30	1,260,000
2016.01.04	1,205,000
2016.01.05	1,208,000
2016.01.06	1,175,000
2016.01.07	1,163,000
2016.01.08	1,171,000
2016.01.11	1,152,000
2016.01.12	1,146,000
2016.01.13	1,148,000
2016.01.14	1,138,000
2016.01.15	1,132,000
2016.01.18	1,126,000
2016.01.19	1,171,000
2016.01.20	1,138,000
2016.01.21	1,131,000
2016.01.22	1,168,000
2016.01.25	1,162,000
2016.01.26	1,137,000
2016.01.27	1,175,000
2016.01.28	1,145,000
2016.01.29	1,150,000
2016.02.01	1,163,000
2016.02.02	1,156,000
2016.02.03	1,146,000
2016.02.04	1,156,000
2016.02.05	1,164,000
2016.02.11	1,130,000
2016.02.12	1,130,000
2016.02.15	1,154,000
2016.02.16	1,168,000
2016.02.17	1,185,000
2016.02.18	1,187,000
2016.02.19	1,190,000
2016.02.22	1,175,000
2016.02.23	1,181,000
2016.02.24	1,172,000
2016.02.25	1,179,000
2016.02.26	1,172,000
2016.02.29	1,178,000
2016.03.02	1,197,000
2016.03.03	1,220,000
2016.03.04	1,215,000
2016.03.07	1,223,000
2016.03.08	1,192,000
2016.03.09	1,194,000
2016.03.10	1,225,000
2016.03.11	1,249,000
2016.03.14	1,255,000
2016.03.15	1,253,000
2016.03.16	1,256,000
2016.03.17	1,263,000
2016.03.18	1,273,000
2016.03.21	1,267,000
2016.03.22	1,269,000
2016.03.23	1,279,000
